106.0 0.000
1000.0 19.201
1001.0 24.886
999.0 23.398
1000.0 35.689
1000.0 28.067
1001.0 28.343
999.0 30.469
1000.0 23.429
1000.0 27.544
1000.0 20.881
1001.0 23.599
1000.0 22.221
999.0 18.535
1000.0 18.311
1000.0 19.940
1001.0 10.536
999.0 5.333
1000.0 11.722
1000.0 13.901
1000.0 9.005
1000.0 9.910
1000.0 6.341
1001.0 3.070
1000.0 2.793
999.0 3.487
1001.0 5.171
999.0 2.925
1000.0 6.309
1000.0 2.847
1001.0 3.415
999.0 3.249
1000.0 4.432
1000.0 1.585
1001.0 1.260
999.0 2.569
1000.0 2.383
1000.0 1.391
1000.0 0.108
1000.0 0.000
1000.0 0.000
1001.0 0.000
999.0 0.000
1000.0 0.000
1001.0 0.000
999.0 0.000
1001.0 0.000
999.0 0.000
1000.0 0.000
1000.0 2.372
1000.0 14.828
1000.0 29.667
1000.0 4.957
1000.0 47.124
1000.0 39.904
1000.0 29.172
1001.0 17.933
1000.0 36.450
999.0 34.284
1000.0 50.983
1001.0 53.557
1000.0 51.526
1000.0 52.335
999.0 57.331
1000.0 28.299
1000.0 20.779
1002.0 30.244
998.0 40.985
1001.0 38.718
1000.0 26.509
999.0 39.638
1000.0 24.726
1000.0 29.899
1000.0 27.095
1000.0 11.970
1001.0 25.624
999.0 32.757
1000.0 39.824
1000.0 34.294
1001.0 9.304
1000.0 25.723
999.0 64.749
1001.0 28.568
1000.0 8.985
999.0 14.163
1000.0 12.542
1000.0 6.869
1000.0 9.048
1000.0 24.361
1000.0 9.932
1000.0 0.000
1000.0 25.705
1000.0 13.970
1000.0 16.694
1000.0 15.195
1000.0 12.553
1000.0 6.115
1000.0 4.767
1000.0 5.716
1000.0 3.343
1000.0 4.270
1000.0 4.411
1001.0 4.029
999.0 4.113
1000.0 2.804
1001.0 2.747
999.0 3.238
1000.0 3.731
1000.0 4.497
1000.0 6.341
1000.0 5.338
1001.0 3.986
999.0 8.830
1000.0 16.150
1000.0 20.095
1000.0 10.681
1000.0 3.117
1000.0 37.566
1000.0 11.706
1000.0 10.126
1000.0 12.073
1000.0 15.879
1001.0 20.889
999.0 12.025
1000.0 8.821
1000.0 7.711
1000.0 16.295
1001.0 14.338
999.0 13.882
1000.0 10.234
1000.0 13.253
1000.0 12.639
1000.0 9.285
1000.0 9.447
1000.0 11.722
1000.0 9.582
1000.0 15.369
1000.0 19.048
1000.0 5.888
1000.0 8.314
1001.0 10.601
999.0 12.598
1000.0 13.296
1000.0 12.957
1000.0 15.664
1000.0 16.704
1001.0 17.598
999.0 7.345
1000.0 28.945
1000.0 33.441
1000.0 22.032
1000.0 17.303
1000.0 17.551
1000.0 19.735
1000.0 12.423
1001.0 19.661
1000.0 17.519
999.0 20.818
1001.0 17.458
1000.0 9.463
1000.0 21.708
999.0 16.235
1000.0 15.723
1000.0 18.279
1000.0 24.038
1000.0 26.475
1001.0 26.933
999.0 23.555
1000.0 25.428
1001.0 12.518
999.0 34.368
1000.0 39.399
1000.0 40.793
1001.0 34.323
1000.0 18.646
999.0 9.378
1000.0 44.368
1000.0 29.300
1001.0 36.324
999.0 24.297
1000.0 34.525
1000.0 33.333
1000.0 33.076
1000.0 39.813
1000.0 40.464
1001.0 39.762
999.0 36.816
1001.0 38.271
1000.0 48.532
999.0 37.473
1001.0 28.823
999.0 60.944
1000.0 59.755
1000.0 39.293
1000.0 38.188
1001.0 5.876
999.0 25.289
1001.0 70.905
1000.0 35.658
999.0 27.456
1001.0 27.795
1000.0 30.346
999.0 25.077
1000.0 25.282
1000.0 24.814
1001.0 17.722
1000.0 24.825
1000.0 7.764
999.0 38.095
1001.0 22.531
1000.0 21.499
1000.0 17.660
999.0 26.826
1001.0 30.093
999.0 27.486
1000.0 29.254
1000.0 25.462
1000.0 29.299
1001.0 26.025
999.0 17.399
1000.0 23.649
1000.0 24.245
1000.0 21.886
1000.0 20.816
1000.0 19.519
1000.0 20.393
1000.0 20.371
1000.0 23.186
1000.0 18.850
1000.0 16.451
1000.0 22.776
1001.0 18.656
999.0 20.648
1000.0 20.802
1000.0 17.120
1001.0 22.827
999.0 18.099
1000.0 20.188
1000.0 17.211
1001.0 1.072
999.0 15.793
1001.0 30.041
999.0 0.820
1001.0 33.225
999.0 18.190
1001.0 13.239
999.0 16.419
1000.0 12.121
1001.0 12.842
999.0 11.648
1000.0 10.989
1000.0 10.450
1001.0 7.100
999.0 8.809
1000.0 8.131
1000.0 8.972
1000.0 7.064
1000.0 5.414
1001.0 5.139
999.0 9.251
1000.0 10.595
1000.0 10.649
1000.0 11.089
1164.0 13.996
952.0 13.004
956.0 9.442
972.0 13.391
976.0 14.410
980.0 15.475
1000.0 11.226
1000.0 8.811
1000.0 5.964
1000.0 3.397
1000.0 2.502
1000.0 4.669
1000.0 1.359
1000.0 2.459
1000.0 29.849
1001.0 25.168
999.0 27.332
1000.0 36.294
1000.0 36.392
1001.0 28.031
999.0 34.780
1000.0 2.297
1000.0 20.166
1000.0 16.885
1001.0 33.928
999.0 29.805
1000.0 32.023
1000.0 28.328
1002.0 56.446
998.0 37.897
1000.0 28.895
1001.0 26.199
999.0 15.220
1000.0 25.030
1000.0 22.535
1000.0 31.616
1000.0 31.097
1000.0 15.663
1000.0 13.631
1000.0 62.063
1000.0 34.805
1000.0 16.512
1001.0 32.041
999.0 28.084
1001.0 27.105
999.0 25.487
1001.0 30.618
999.0 15.491
1000.0 30.543
1000.0 36.378
1000.0 30.113
1001.0 20.286
999.0 19.632
1000.0 25.400
1000.0 14.911
1000.0 17.446
1000.0 19.735
1001.0 28.051
999.0 26.277
1000.0 28.034
1000.0 18.504
1000.0 21.622
1000.0 22.710
1000.0 53.109
1000.0 35.290
1001.0 41.988
999.0 31.406
1000.0 30.071
1001.0 35.747
999.0 38.766
1000.0 37.160
1001.0 21.635
1000.0 40.602
999.0 44.691
1000.0 61.227
1001.0 56.687
1000.0 39.782
999.0 32.448
1001.0 26.777
999.0 60.452
1000.0 50.910
1001.0 42.963
999.0 33.673
1001.0 27.858
999.0 42.310
1001.0 42.904
1000.0 40.338
999.0 31.032
1000.0 32.539
1000.0 60.408
1000.0 61.366
1000.0 51.837
1000.0 34.340
1000.0 22.900
1001.0 20.595
999.0 40.535
1000.0 21.635
1001.0 29.541
1000.0 24.045
999.0 47.840
1000.0 62.521
1000.0 61.932
1001.0 58.006
999.0 25.886
1000.0 44.843
1001.0 66.747
999.0 63.437
1000.0 61.866
1000.0 16.613
1000.0 15.565
1001.0 12.505
999.0 36.376
1000.0 53.510
1000.0 15.647
1000.0 29.802
1000.0 64.831
1000.0 61.587
1000.0 64.324
1001.0 30.346
999.0 47.036
1000.0 63.767
1000.0 63.046
1000.0 61.997
1000.0 37.093
1001.0 32.964
999.0 55.876
1000.0 59.130
1000.0 46.236
1000.0 25.100
1001.0 42.359
1000.0 36.733
1000.0 48.071
999.0 28.914
1001.0 23.062
999.0 38.508
1001.0 59.038
999.0 58.976
1001.0 62.590
999.0 26.831
1000.0 45.187
1000.0 59.441
1000.0 57.557
1000.0 63.078
1000.0 33.882
1000.0 27.656
1000.0 59.572
1000.0 55.222
1000.0 2.362
1001.0 0.000
999.0 0.000
1000.0 0.000
1000.0 42.218
1000.0 62.734
1000.0 37.175
1000.0 54.411
1000.0 54.723
1000.0 60.801
1000.0 59.425
1000.0 39.027
1001.0 24.879
1000.0 57.000
999.0 61.288
1000.0 60.604
1001.0 33.816
1000.0 9.994
999.0 25.831
1000.0 58.147
1000.0 59.572
1000.0 43.188
1000.0 42.402
1000.0 60.146
1000.0 57.180
1000.0 54.616
1000.0 33.882
1000.0 23.642
1001.0 59.840
999.0 46.021
1000.0 36.599
1000.0 31.560
1000.0 29.049
1000.0 32.003
1001.0 13.833
999.0 13.288
1000.0 18.009
1000.0 18.085
1000.0 14.354
1000.0 10.816
1001.0 3.383
1000.0 2.951
999.0 22.722
1001.0 19.196
999.0 20.759
1000.0 16.685
1000.0 17.359
1000.0 17.011
1000.0 33.655
1001.0 34.090
999.0 40.545
1001.0 18.844
999.0 47.233
1000.0 33.110
1000.0 32.093
1000.0 24.049
1001.0 21.320
1000.0 28.491
1000.0 31.241
1000.0 30.498
999.0 26.871
1000.0 20.351
1000.0 21.540
1000.0 11.728
1000.0 6.190
1000.0 16.165
1001.0 15.029
1000.0 17.966
999.0 18.376
1000.0 12.539
1001.0 9.459
999.0 16.953
1000.0 14.218
1000.0 9.350
1000.0 9.447
1001.0 26.621
999.0 24.856
1001.0 18.267
999.0 14.247
1000.0 9.436
1001.0 15.169
999.0 8.280
1000.0 14.181
1001.0 13.326
1000.0 3.419
999.0 4.793
1000.0 15.011
1000.0 18.045
1000.0 24.444
1000.0 20.382
1000.0 8.843
1000.0 6.184
1001.0 6.356
1000.0 9.026
999.0 2.958
1001.0 3.307
1000.0 8.099
999.0 21.126
1000.0 7.598
1000.0 26.414
1000.0 14.215
1001.0 17.720
999.0 8.204
1000.0 6.966
1000.0 11.409
1001.0 18.842
999.0 18.510
1000.0 19.630
1000.0 17.175
1001.0 7.841
999.0 5.333
1001.0 0.668
999.0 5.678
1001.0 9.136
999.0 16.840
1000.0 13.370
1000.0 16.632
1000.0 19.217
1000.0 26.518
1001.0 23.561
1000.0 23.819
1000.0 23.922
1000.0 32.635
999.0 43.956
1000.0 49.519
1000.0 28.215
1001.0 16.494
999.0 14.271
1000.0 11.698
1000.0 29.152
1000.0 12.277
1000.0 9.576
1000.0 10.874
1000.0 5.215
1000.0 21.902
1000.0 10.083
1000.0 15.117
1000.0 35.962
1001.0 24.799
1000.0 23.024
999.0 16.359
1000.0 9.587
1001.0 17.113
999.0 23.549
1000.0 28.114
1000.0 23.833
1001.0 30.919
999.0 20.187
1001.0 28.861
1000.0 30.576
999.0 20.280
1000.0 25.235
1000.0 32.048
1001.0 41.235
999.0 35.614
1000.0 39.646
1001.0 33.851
999.0 44.170
1000.0 32.326
1000.0 59.556
1000.0 56.292
1000.0 54.262
1000.0 38.211
1000.0 21.479
1000.0 55.247
1000.0 61.850
1000.0 55.001
1000.0 47.743
1001.0 26.188
1000.0 51.315
999.0 52.597
1000.0 16.456
1001.0 21.835
999.0 34.982
1001.0 57.139
999.0 56.286
1001.0 56.796
999.0 46.774
1000.0 21.496
1000.0 50.512
1000.0 62.521
1001.0 36.782
999.0 26.685
1000.0 19.956
1000.0 31.441
1000.0 20.274
1000.0 31.604
1000.0 22.126
1001.0 20.136
1000.0 28.171
999.0 42.890
1000.0 14.343
1000.0 18.732
1000.0 26.011
1001.0 21.062
999.0 17.618
1001.0 14.727
999.0 22.799
1001.0 11.394
999.0 15.815
1001.0 17.542
1000.0 12.936
999.0 16.526
1000.0 21.401
1000.0 21.886
1000.0 22.098
1000.0 24.403
1000.0 19.567
1001.0 24.143
999.0 20.208
1000.0 22.765
1001.0 20.217
1000.0 13.215
999.0 11.291
1000.0 13.744
1000.0 7.230
1000.0 18.915
1000.0 22.976
1000.0 25.110
1001.0 26.173
1000.0 20.477
1000.0 22.340
999.0 29.368
1001.0 20.889
999.0 34.686
1000.0 35.192
1000.0 32.303
1000.0 35.734
1000.0 32.719
1000.0 51.626
1000.0 47.312
1000.0 38.259
1000.0 12.640
1000.0 29.245
1001.0 38.922
999.0 60.386
1001.0 56.796
999.0 58.123
1001.0 42.785
999.0 26.700
1000.0 47.546
1000.0 60.899
1000.0 59.441
1000.0 54.051
1001.0 42.098
999.0 27.717
1000.0 49.578
1000.0 58.753
