840.0 16.823
1000.0 22.486
1000.0 25.823
1000.0 33.060
1000.0 23.543
1000.0 29.786
1000.0 32.098
1000.0 31.485
1000.0 33.304
1000.0 35.284
1000.0 31.288
1001.0 27.192
999.0 31.089
1000.0 32.951
1001.0 36.953
999.0 43.635
1001.0 45.895
999.0 43.624
1000.0 38.586
1000.0 35.562
1000.0 42.198
1000.0 38.040
1000.0 42.603
1001.0 38.879
999.0 25.081
1001.0 31.882
1000.0 33.631
999.0 43.459
1000.0 42.954
1000.0 18.238
1000.0 25.272
1000.0 32.454
1000.0 27.864
1000.0 19.583
1000.0 29.558
1001.0 17.386
1000.0 16.140
999.0 24.562
1000.0 22.918
1000.0 19.558
1000.0 19.840
1000.0 30.949
1000.0 28.451
1001.0 16.885
999.0 19.881
1000.0 26.503
1001.0 34.882
999.0 12.335
1000.0 16.081
1000.0 11.599
1000.0 7.938
1000.0 27.821
1000.0 21.480
1000.0 26.292
1000.0 24.353
1001.0 21.731
999.0 45.134
1001.0 38.699
999.0 32.735
1000.0 31.405
1000.0 25.446
1000.0 38.134
1001.0 46.775
999.0 26.060
1000.0 24.024
1001.0 13.565
1000.0 13.751
1000.0 17.879
999.0 13.535
1000.0 24.821
1000.0 25.051
1000.0 48.346
1000.0 39.839
1001.0 7.239
1000.0 29.229
999.0 57.139
1000.0 48.761
1001.0 46.619
999.0 23.514
1001.0 43.554
1000.0 52.170
999.0 37.861
1000.0 33.615
1000.0 27.231
1000.0 44.302
1001.0 40.758
999.0 41.997
1000.0 42.811
1001.0 33.939
999.0 39.033
1000.0 53.707
1000.0 52.153
1001.0 44.419
1000.0 28.818
999.0 36.376
1000.0 51.466
1000.0 35.744
1001.0 39.979
999.0 27.538
1000.0 38.175
1000.0 51.331
1000.0 43.895
1001.0 40.850
999.0 35.327
1000.0 29.786
1000.0 51.595
1000.0 38.794
1000.0 43.225
1000.0 20.677
1000.0 35.914
1000.0 38.992
1001.0 37.236
1000.0 41.653
1000.0 29.842
999.0 35.408
1000.0 43.605
1001.0 30.081
999.0 29.357
1000.0 27.630
1000.0 38.069
1000.0 33.423
1000.0 20.649
1001.0 39.529
999.0 32.548
1000.0 33.515
1001.0 29.674
999.0 29.783
1001.0 49.201
999.0 37.059
1000.0 30.507
1000.0 52.560
1001.0 51.378
999.0 48.857
1001.0 40.722
1000.0 24.150
999.0 52.022
1001.0 53.255
1000.0 31.268
999.0 23.580
1000.0 23.831
1000.0 22.607
1001.0 16.896
999.0 10.622
1000.0 12.681
1001.0 9.056
1000.0 7.884
999.0 13.978
1000.0 24.797
1000.0 28.660
1000.0 35.040
1000.0 33.744
1000.0 26.264
1000.0 23.737
1001.0 20.910
999.0 25.574
1000.0 33.868
1000.0 25.661
1001.0 28.322
999.0 28.776
1000.0 27.345
1000.0 48.234
1000.0 44.581
1000.0 47.677
1000.0 40.138
1000.0 18.578
1001.0 37.170
999.0 27.781
1000.0 28.828
1001.0 21.061
999.0 17.361
1000.0 29.713
1000.0 21.448
1000.0 18.198
1001.0 22.269
999.0 29.971
1000.0 17.995
1001.0 21.023
999.0 19.168
1000.0 29.300
1001.0 25.347
999.0 14.716
1000.0 35.348
1001.0 18.606
999.0 15.876
1001.0 23.502
999.0 23.143
1001.0 11.798
1000.0 29.403
999.0 27.275
1000.0 26.121
1001.0 24.756
999.0 16.747
1001.0 20.633
999.0 23.519
1001.0 21.988
999.0 19.780
1000.0 21.118
1000.0 23.933
1000.0 18.212
1000.0 21.008
1001.0 27.536
999.0 31.990
1000.0 31.195
1001.0 38.149
999.0 30.522
1000.0 40.867
1000.0 30.658
1000.0 42.022
1000.0 36.526
1000.0 22.139
1000.0 47.497
1000.0 42.116
1001.0 31.899
999.0 21.308
1001.0 12.823
1000.0 11.388
1000.0 15.221
1000.0 13.529
999.0 14.356
1000.0 13.956
1000.0 8.961
1000.0 26.502
1001.0 30.141
999.0 32.568
1000.0 27.325
1000.0 26.474
1001.0 22.620
999.0 19.875
1001.0 25.016
999.0 27.316
1000.0 26.771
1000.0 17.994
1001.0 21.907
999.0 22.754
1000.0 26.413
1000.0 20.585
1000.0 22.678
1000.0 26.505
1000.0 27.054
1001.0 26.455
1000.0 38.480
999.0 39.827
1000.0 47.743
1000.0 45.761
1001.0 29.309
999.0 23.223
1000.0 37.078
1000.0 24.808
1000.0 16.167
1000.0 24.656
1001.0 28.351
999.0 20.857
1001.0 19.857
999.0 22.179
1000.0 20.424
1001.0 27.550
999.0 29.259
1001.0 24.940
1000.0 28.034
999.0 26.201
1000.0 27.120
1000.0 22.663
1000.0 30.876
1000.0 30.288
1002.0 31.929
998.0 35.231
1001.0 43.601
1000.0 44.404
999.0 45.731
1001.0 33.042
1001.0 27.629
999.0 54.154
999.0 47.168
1000.0 46.924
1000.0 45.548
1000.0 29.458
1000.0 41.468
1000.0 54.247
1001.0 48.645
1000.0 43.718
999.0 24.010
1001.0 45.060
999.0 50.694
1000.0 49.227
1000.0 38.502
1001.0 21.802
1000.0 53.412
999.0 52.629
1000.0 47.579
1000.0 42.985
1001.0 25.468
999.0 52.153
1001.0 52.278
999.0 47.534
1000.0 47.735
1000.0 21.955
1000.0 46.612
1000.0 47.366
1000.0 51.544
1001.0 45.797
1000.0 21.823
999.0 51.366
1000.0 53.150
1000.0 47.301
1000.0 42.471
1000.0 31.850
1000.0 49.381
1000.0 52.734
1000.0 32.679
1000.0 27.776
1000.0 28.091
1000.0 31.230
1001.0 32.724
999.0 36.289
1000.0 31.172
1000.0 21.568
1001.0 14.760
999.0 25.589
1000.0 31.234
1000.0 33.333
1000.0 29.911
1000.0 47.477
1000.0 35.510
1000.0 38.218
1001.0 33.331
1000.0 26.654
999.0 45.724
1000.0 35.353
1000.0 47.057
1001.0 38.376
1000.0 27.327
999.0 47.889
1000.0 54.280
1001.0 46.898
999.0 47.918
1000.0 35.579
1000.0 34.423
1000.0 57.278
1000.0 49.429
1000.0 42.470
1000.0 32.975
1000.0 36.274
1000.0 54.788
1000.0 52.275
1000.0 39.577
1000.0 31.474
1000.0 40.649
1000.0 59.130
1000.0 46.067
1000.0 49.808
1000.0 37.681
1000.0 31.982
1000.0 56.967
1000.0 51.756
1000.0 42.987
1000.0 31.428
1001.0 33.652
999.0 53.063
1000.0 45.097
1000.0 41.190
1000.0 29.495
1000.0 40.960
1000.0 58.556
1001.0 51.660
999.0 47.319
1000.0 31.495
1000.0 30.540
1000.0 59.884
1000.0 47.519
1000.0 47.810
1000.0 28.143
1000.0 38.175
1000.0 57.197
1000.0 45.427
1001.0 48.949
1000.0 30.703
999.0 35.425
1000.0 57.770
1000.0 50.568
1000.0 46.156
1000.0 40.339
1000.0 29.819
1000.0 56.623
1000.0 52.993
1000.0 46.429
1000.0 37.354
1000.0 27.427
1000.0 56.902
1000.0 41.037
1001.0 39.783
999.0 21.048
1000.0 37.536
1001.0 47.157
999.0 29.031
1000.0 29.016
1000.0 20.881
1000.0 29.037
1000.0 24.411
1000.0 21.492
1001.0 26.654
1000.0 24.851
999.0 22.077
1000.0 20.481
1000.0 21.168
1000.0 18.457
1000.0 19.494
1000.0 20.120
1000.0 21.827
1000.0 18.868
1000.0 17.431
1000.0 10.521
1000.0 14.244
1000.0 11.383
1000.0 10.023
1000.0 1.760
1000.0 10.984
1000.0 16.577
1000.0 16.513
1000.0 21.990
1000.0 20.389
1000.0 14.364
1001.0 11.979
999.0 8.389
1000.0 7.881
1001.0 6.225
999.0 11.535
1000.0 11.777
1001.0 11.359
999.0 7.305
1000.0 7.970
1001.0 11.393
1000.0 13.025
999.0 11.741
1000.0 7.538
1000.0 11.513
1000.0 11.696
1000.0 11.621
1000.0 14.213
1000.0 11.173
1000.0 9.779
1000.0 10.465
1000.0 17.107
1000.0 12.247
1000.0 12.485
1001.0 12.267
999.0 9.057
1000.0 18.060
1000.0 19.262
1000.0 17.236
1000.0 16.014
1001.0 5.705
999.0 12.860
1000.0 19.672
1000.0 20.580
1001.0 19.674
999.0 26.989
1001.0 35.869
999.0 39.114
1001.0 36.392
1000.0 36.648
999.0 24.031
1000.0 21.835
1000.0 29.088
1000.0 40.410
1000.0 41.466
1000.0 44.858
1000.0 31.850
1000.0 47.546
1001.0 53.136
999.0 45.796
1000.0 41.710
1000.0 30.575
1001.0 38.218
999.0 58.557
1000.0 50.987
1001.0 46.814
999.0 28.061
1000.0 39.551
1000.0 55.116
1001.0 45.127
999.0 35.791
1000.0 27.457
1000.0 40.501
1000.0 42.475
1000.0 36.582
1000.0 39.079
1000.0 33.684
1000.0 38.894
1001.0 29.554
1000.0 27.485
1000.0 29.658
999.0 29.705
1000.0 46.134
1000.0 44.859
1000.0 46.642
1000.0 33.943
1000.0 25.832
1000.0 38.707
1000.0 35.318
1001.0 37.866
999.0 49.520
1000.0 36.158
1000.0 34.701
1000.0 52.225
1001.0 40.689
999.0 39.759
1001.0 35.847
1000.0 34.669
999.0 39.399
1000.0 29.353
1000.0 27.158
1001.0 26.221
1000.0 40.010
999.0 36.737
1000.0 30.184
1000.0 34.582
1000.0 29.390
1000.0 40.054
1000.0 22.573
1000.0 20.616
1000.0 15.088
1000.0 12.010
1001.0 10.595
1000.0 9.537
999.0 12.832
1000.0 25.369
1000.0 26.428
1000.0 10.120
1000.0 26.331
1000.0 40.261
1001.0 45.466
